 POSITION                                       TOTAL-FORCE (eV/Angst)
 -----------------------------------------------------------------------------------
      5.32067      2.61693      1.08202         5.048157      1.676220      7.533824
      8.37441      9.08335      0.39597        -8.128288      7.600902     -7.069626
      3.99631      6.68639      0.86101        -4.495333      7.754129     -1.796188
      8.68720      4.65917      0.56238         0.628020     -3.196125    -10.084971
      4.12793      2.44396      5.81863         2.296744     -2.616229     -6.209986
      7.46670      8.36010      6.17823        -3.833234      3.247671      1.503911
      5.24084      7.17067      5.96933         5.338728      1.829459     -3.710710
      8.18434      3.72927      5.46811         5.718452      4.658004     -3.117897
      1.22500      5.60917      3.93130        -9.768478     -9.069649      0.273988
      6.08297      3.54568      3.83126        -0.607214      0.541376     -4.641135
      2.93198      2.01170      2.95423         7.137418     -0.852228      7.650973
      6.32887      8.28295      3.61467         6.201873     -2.158260      4.963012
      2.24439      5.78996      8.54365        -7.376653     -6.869735     -6.317997
      6.45426      3.49206      8.26321         4.386156      0.248262      2.396375
      1.72419      0.91817      8.56144         0.192988     -5.226377     -3.471117
      5.89310      8.14030      8.75830         0.280939     -5.674459     -1.286246
      0.68072      2.04214      1.38559         2.798934      7.339771      8.746855
      4.58989      0.02250      1.78622         1.945778      3.402944      5.508119
      8.43105      7.01645      2.09497        -1.890560     -3.386114     -2.061962
      3.92794      4.85286      3.08443        -5.577029     -2.792323     -4.085412
      8.17232      1.61383      7.03955         4.087445      1.198803     -5.524682
      3.86133      9.11522      7.32128         2.165258      7.235437     -2.175866
      0.48852      6.24860      6.28457         2.320857     -1.524634      5.190395
      4.30538      4.82799      6.92238         6.905631      3.079457     -5.661951
      4.98925      3.63793      1.93384        -3.497938     12.042582      3.733292
      8.43518      1.20973      0.85618       -11.654730     -3.721868      1.672425
      3.79678      8.32406      1.33529        -4.800755     -8.978417     -3.401912
      8.09705      5.58919      1.25822        -6.743771     15.266832      9.064863
      3.69254      3.70463      6.34621        -5.263397     -3.618623     -3.317614
      7.91502      0.26611      6.81354        -1.047557     -6.089665      0.503851
      4.43982      8.30376      6.38064        -0.886817     -1.934882     -6.526887
      0.35677      4.84189      6.05218        -4.037430     -8.347747      8.624239
      2.39609      5.09102      3.69584        15.056739     -4.065942     -4.758251
      4.65052      4.50261      4.25154         4.769624      2.948109      1.458771
      3.32969      3.38793      2.46959        -4.964951      1.947953     -0.892638
      7.21804      7.63536      2.71720         1.032007     -3.079406     -1.373742
      3.32271      4.99052      7.83645        -4.779891      0.757939      8.450005
      7.23739      2.43361      7.54513        -8.204043      2.773960      3.224891
      2.76309      9.04703      8.15098        -7.294091      0.556554      4.449775
      6.43552      7.43712      7.40871         0.469058     -0.826849     -1.619040
      8.70858      4.39267      4.08952        10.954731      1.253132     -7.879482
      5.41503      2.72745      4.80064         0.551054     -8.556813      5.725048
      3.42592      0.62528      2.53458        -4.000621      1.984633      3.438258
      5.62087      7.39377      4.40082        -7.751631    -11.769476      4.214171
      1.22959      5.09487      9.37955         2.041401     -0.269631     -0.120233
      5.55823      3.10862      9.35611        -1.631491      1.512314    -10.495421
      0.61421      9.06532      8.82422         2.529034     -4.683551     -4.518282
      5.05913      7.20489      0.12994         9.200921     -2.479499     -4.956752
      0.23570      3.48422      1.11631         4.161492    -10.202827      7.842957
      4.93470      1.37168      1.29316        -0.551397     -8.035832     -3.515842
      0.02417      8.30457      1.36579         6.612682     -9.257716      9.969652
      4.27377      5.92327      1.94062         0.365953     -5.225472      7.482740
      8.50330      2.37614      5.72698         2.059575     -5.331561     -1.452247
      3.86058      1.16947      6.54933         0.165223     -0.575971      3.838090
      8.14096      7.15404      6.08621        -0.720702     -0.968958     -1.411974
      4.24763      6.19173      5.95505        -4.058480     -8.919701      2.156079
      1.57187      2.03048      2.77421       -12.920430     -1.145067     -2.717344
      5.59573      9.16956      3.00112        -7.017508      9.744483     -7.999259
      0.59918      6.52109      3.12168        -1.247888      6.543076     -6.391715
      6.54613      2.88864      2.29610         7.409726     -2.158888      3.963619
      0.53662      1.60241      7.91530         5.987535      4.405375     -1.216593
      5.05048      9.09489      8.20352        -1.206580      7.222384      1.684426
      1.37796      6.36576      7.46211         0.037185      3.789582      0.876010
      5.65243      3.97088      7.19024        -1.864652      5.535156     -3.754404
      1.46918      1.67026      0.25604        12.282398      3.065661      1.598977
      6.72364      8.82615      0.19153         7.270822      3.186632      4.285989
      3.01709      6.63487      9.18261         4.105706      8.819788      7.555704
      7.52467      4.04976      9.15491         0.248664      3.260583     -2.794413
      3.35734      2.07108      4.60773        -5.556737     -1.281310     -6.131754
      6.67802      8.88730      5.02618         3.828855      5.454981      0.977740
      1.18856      6.28205      5.10097         7.541326     10.175724      1.724076
      7.08009      4.22885      4.74143       -12.690573      2.815190      2.177377
 -----------------------------------------------------------------------------------
 POSITION                                       TOTAL-FORCE (eV/Angst)
 -----------------------------------------------------------------------------------
      5.30917      2.61017      1.09515         5.577938      5.031927      6.007457
      8.34285      9.09596      0.42066        -4.789686      6.270157     -7.259832
      4.01573      6.65460      0.85990        -5.802822      6.254223     -0.284954
      8.66006      4.66215      0.55974         2.785711     -4.166403    -10.425453
      4.17152      2.44076      5.83792         0.093531     -2.381129     -6.777359
      7.46826      8.35159      6.17689        -4.344030      3.940731      1.167652
      5.28428      7.18430      5.96870         2.976089      0.807238     -2.984459
      8.19175      3.72128      5.46276         5.701686      6.178973     -2.795189
      1.20633      5.59355      3.94305        -6.010068    -11.941496     -3.097511
      6.08958      3.54825      3.83907        -1.277314      0.145980     -3.474353
      2.90039      2.01377      2.95311         9.616094     -1.619002      8.439312
      6.33832      8.28475      3.62159         5.364189     -1.455259      4.233449
      2.24870      5.80137      8.54922        -8.329425     -8.783258     -6.742345
      6.46002      3.48734      8.28012         3.049375      1.941571      0.270785
      1.72437      0.91657      8.55101        -1.111893     -4.513358     -2.332267
      5.88765      8.15807      8.74787         0.653481     -6.230678      0.097723
      0.67632      2.06254      1.39750         3.705091      6.438115      8.239269
      4.58504      0.00536      1.77717         1.704141      6.096762      7.066333
      8.43997      7.01731      2.10490        -2.261663     -4.103497     -2.242960
      3.92740      4.84723      3.07844        -4.688633     -4.099906     -2.659426
      8.15832      1.62312      7.02859         3.850815      1.147837     -4.114147
      3.86093      9.09729      7.33464         0.211250      7.284068     -2.493550
      0.47931      6.27360      6.29093         4.564336     -1.968371      3.462665
      4.29322      4.81924      6.92901         8.192172      5.406195     -6.436614
      4.96134      3.65619      1.92317        -3.138431     11.586598      2.440305
      8.45088      1.21634      0.85275       -11.638910     -3.924194      1.789652
      3.79450      8.32935      1.35125        -5.750334    -10.601828     -4.118494
      8.09225      5.58130      1.26152        -7.269917     16.152538      9.921021
      3.70393      3.72737      6.35412        -6.411875     -6.815811     -5.406421
      7.88970      0.26830      6.79639        -0.509048     -5.037575      1.116207
      4.43658      8.32463      6.36417        -0.176584     -2.780893     -6.875408
      0.39600      4.87391      6.02672        -4.787917    -10.058875      8.218317
      2.43214      5.10236      3.65925        10.293460     -2.179993     -3.701428
      4.67304      4.50926      4.26474         4.263417      2.741932      0.200027
      3.30707      3.36057      2.46581        -4.201582      2.933936     -1.095262
      7.24545      7.63967      2.73532         0.118106     -2.798882     -0.777117
      3.32975      4.97451      7.83981        -5.927243      1.412522      9.765689
      7.20397      2.43005      7.56870        -6.590229      1.011878      1.953197
      2.75716      9.06561      8.18924        -5.868611      0.483674      3.620681
      6.44456      7.42723      7.43387         0.637748     -0.761265     -1.685417
      8.69824      4.37920      4.08644        11.652974      0.990136     -8.350277
      5.38112      2.69398      4.80091         2.747690     -7.040536      4.375115
      3.39958      0.62814      2.57746        -2.172681      0.882601      1.552756
      5.63872      7.38870      4.41856        -6.773312    -10.913960      3.440550
      1.23654      5.08194      9.36691         1.441817     -0.220820      0.475201
      5.55753      3.06760      9.32335        -2.211318      0.510447     -7.358929
      0.61899      9.04786      8.80405         0.760065     -4.263692     -2.633873
      5.02647      7.20345      0.12490        11.313390     -0.973724     -6.015892
      0.25947      3.47329      1.07989         3.637507     -8.610947      7.464414
      4.96052      1.36952      1.28744        -1.462431    -10.685514     -2.703314
      0.00831      8.28320      1.38839         6.579749     -6.665454      6.943310
      4.28701      5.92149      1.99232         0.280675     -3.001427      5.065752
      8.48997      2.37501      5.72257         2.023469     -5.634055     -1.311618
      3.84316      1.16235      6.56102         0.023115     -0.163774      3.893241
      8.13485      7.15289      6.07285        -0.895302     -1.044476     -1.582736
      4.24921      6.20625      5.89606        -3.240338     -8.275242      3.040887
      1.57080      2.05134      2.79214       -15.839221     -1.084335     -3.143074
      5.57858      9.16948      3.00759        -6.235212      8.483916     -7.415880
      0.59763      6.49956      3.09968        -0.493940      5.590946     -5.796280
      6.53420      2.88678      2.32106         7.083947     -2.068082      3.844965
      0.51808      1.64170      7.94371         5.088014      3.887809     -1.998457
      5.02557      9.08362      8.20028        -0.276863      7.293752      2.525547
      1.38275      6.34103      7.46597        -0.415271      4.285058      0.081871
      5.62644      3.96516      7.15086         0.778781      4.401436     -1.292242
      1.47405      1.69528      0.24952        12.397184      2.546020      1.528205
      6.75237      8.83312      0.17800         5.428480      2.615447      3.596440
      3.03788      6.64155      9.13683         5.687885     10.163938      8.977807
      7.56698      4.06517      9.11922        -1.146318      2.772462     -3.342597
      3.36495      2.04191      4.58918        -4.965028     -0.650244     -4.053324
      6.70529      8.91495      5.01252         3.688027      5.096823      0.828153
      1.20125      6.28625      5.05917         6.354271     12.306194      6.466745
      7.08857      4.26224      4.74328       -13.302440      2.343479      2.672077
 -----------------------------------------------------------------------------------
 POSITION                                       TOTAL-FORCE (eV/Angst)
 -----------------------------------------------------------------------------------
      5.29960      2.60514      1.11035         5.792755      7.709255      4.845261
      8.30965      9.11073      0.44285        -1.319165      4.512462     -6.688356
      4.03316      6.62496      0.85869        -6.616774      4.733221      1.454021
      8.63387      4.66369      0.55352         4.312755     -4.445643     -9.519095
      4.21514      2.43675      5.85488        -2.138178     -2.270057     -6.717124
      7.46833      8.34445      6.17594        -4.808314      4.410611      0.821993
      5.32873      7.19821      5.96704         0.501701     -0.273812     -2.240138
      8.20111      3.71541      5.45644         5.377194      7.406814     -2.818857
      1.18560      5.57383      3.95374        -3.148301    -13.960441     -6.189990
      6.09575      3.55086      3.84569        -2.027762     -0.199780     -2.418633
      2.87211      2.01528      2.95490        11.272677     -2.411929      8.994521
      6.34961      8.28606      3.62997         4.033723     -0.559785      3.395864
      2.25016      5.80976      8.55246        -8.338900     -9.560250     -6.264997
      6.46682      3.48329      8.29712         1.996300      3.586153     -1.459809
      1.72417      0.91342      8.53979        -2.448573     -3.570086     -1.131822
      5.88242      8.17371      8.73747         1.153721     -6.423675      1.369700
      0.67320      2.08515      1.41223         4.311323      4.816385      7.402414
      4.58077      9.31332      1.77054         1.282378      8.005598      8.183207
      8.44811      7.01677      2.11407        -2.726232     -4.738031     -2.447814
      3.92526      4.84019      3.07153        -3.538770     -5.418862     -1.271831
      8.14564      1.63281      7.01622         3.450785      1.000551     -2.501963
      3.86060      9.08186      7.34714        -1.811858      7.112733     -2.915029
      0.47165      6.29793      6.29848         6.410767     -2.603504      2.162898
      4.28388      4.81236      6.93342         8.813731      7.498259     -6.606796
      4.93155      3.68144      1.91397        -2.505055     10.692419      1.070557
      8.45956      1.22058      0.85040       -10.987171     -3.609414      2.014083
      3.78874      8.32825      1.36473        -6.400256    -11.567103     -4.515525
      8.08305      5.58314      1.27080        -7.057933     15.459949      9.641504
      3.71145      3.74600      6.35878        -7.599353     -9.592674     -7.251403
      7.86408      0.26744      6.77992         0.061955     -3.710626      1.864689
      4.43324      8.34382      6.34355         0.330746     -3.274497     -6.825208
      0.43234      4.89986      6.00622        -5.206099    -11.062783      7.741337
      2.47440      5.11238      3.62043         5.649771     -0.650637     -2.391786
      4.69813      4.51756      4.27806         3.775473      2.344649     -0.977579
      3.28191      3.33499      2.46136        -3.394708      3.714164     -1.396095
      7.27293      7.64229      2.75297        -1.017432     -2.447010      0.001505
      3.33321      4.95935      7.84906        -6.394200      1.712715     10.478654
      7.16657      2.42711      7.59344        -4.680281     -0.964103      0.444794
      2.74770      9.08448      8.22969        -4.092003      0.182063      2.578298
      6.45399      7.41688      7.45802         0.751919     -0.737965     -1.664798
      8.69493      4.36634      4.07832        11.746456      0.582729     -8.395423
      5.34887      2.65627      4.80383         4.970007     -5.507132      2.852483
      3.37194      0.63153      2.62128        -0.688327     -0.301104     -0.212294
      5.65248      7.37704      4.43837        -5.441555     -9.593256      2.221572
      1.24436      5.06888      9.35455         0.815534     -0.183605      1.099339
      5.55549      3.02689      9.28616        -3.029730     -0.344552     -4.135688
      0.62423      9.02783      8.78229        -0.723979     -3.700397     -1.119191
      5.00062      7.20142      0.11624        12.970032      0.292986     -6.668027
      0.28544      3.45717      1.04798         2.673928     -5.963631      6.722342
      4.98546      1.36092      1.28009        -1.959089    -12.221743     -2.255744
      8.71600      8.25781      1.41518         6.472009     -3.448005      3.440250
      4.30041      5.91790      2.04708         0.362622     -0.584260      2.359508
      8.47787      2.37048      5.71736         1.923940     -5.642516     -1.335406
      3.82576      1.15514      6.57506        -0.081139      0.404430      3.765137
      8.12819      7.15110      6.05854        -1.099233     -1.119159     -1.764386
      4.24884      6.21578      5.83892        -2.264919     -7.305037      3.941922
      1.56017      2.07154      2.80818       -17.854399     -0.977064     -3.257497
      5.55766      9.17452      3.00959        -4.837944      6.683571     -6.257021
      0.59579      6.48140      3.07419         0.679865      4.227284     -4.620567
      6.52653      2.88367      2.34833         6.494359     -1.962466      3.551662
      0.50260      1.68332      7.97091         4.165784      3.306126     -2.811583
      5.00050      9.07676      8.19856         0.878056      7.169908      3.424505
      1.38729      6.31889      7.46988        -0.912094      4.743536     -0.660798
      5.60091      3.96210      7.11070         3.220568      3.449580      0.789254
      1.48639      1.72182      0.24392        12.158447      1.908630      1.605760
      6.78438      8.84167      0.16665         3.074343      1.890373      2.654216
      3.06210      6.65436      9.09647         6.044348     10.436440      9.261593
      7.60859      4.08225      9.08152        -2.372033      2.289596     -3.881797
      3.36955      2.01235      4.56819        -4.481859     -0.088055     -2.179604
      6.73478      8.94567      4.99936         3.355385      4.599545      0.408185
      1.21777      6.29788      5.02127         5.622611     14.172197     10.033124
      7.08903      4.29705      4.74674       -12.916789      1.906533      3.201642
 -----------------------------------------------------------------------------------
 POSITION                                       TOTAL-FORCE (eV/Angst)
 -----------------------------------------------------------------------------------
      5.29202      2.60276      1.12720         5.606998      8.991880      4.003302
      8.27600      9.12705      0.46274         2.182024      2.677655     -5.811112
      4.04830      6.59695      0.85797        -6.847750      3.572453      2.979139
      8.60918      4.66371      0.54402         5.260605     -3.766324     -7.489409
      4.25801      2.43195      5.86953        -4.303376     -2.282834     -5.955197
      7.46674      8.33882      6.17528        -5.215525      4.618479      0.463707
      5.37334      7.21202      5.96461        -1.911237     -1.239900     -1.412605
      8.21232      3.71209      5.44916         4.876752      8.269888     -3.037363
      1.16379      5.54932      3.96230        -1.091484    -14.473073     -7.871333
      6.10122      3.55341      3.85147        -2.746708     -0.425019     -1.457753
      2.84771      2.01597      2.95977        11.576044     -3.242293      9.254512
      6.36229      8.28718      3.63950         2.501920      0.289948      2.602856
      2.24874      5.81486      8.55356        -7.245020     -9.076145     -5.025563
      6.47431      3.48048      8.31362         1.193981      5.092876     -2.765463
      1.72313      0.90905      8.52818        -3.706296     -2.377702      0.017372
      5.87759      8.18713      8.72754         1.663524     -6.335386      2.446540
      0.67156      2.10941      1.42951         4.703606      2.496369      6.286740
      4.57695      9.30104      1.76673         0.462538      8.821084      8.701594
      8.45531      7.01460      2.12239        -3.340302     -5.261052     -2.696129
      3.92190      4.83130      3.06420        -2.140747     -6.607679     -0.041821
      8.13415      1.64284      7.00299         2.983550      0.723891     -0.757609
      3.85966      9.06887      7.35863        -3.767698      6.739064     -3.491815
      0.46621      6.32135      6.30677         7.895968     -3.288964      1.119158
      4.27757      4.80805      6.93556         8.559358      9.137323     -6.282159
      4.90026      3.71312      1.90542        -1.706697      9.374205     -0.117818
      8.46161      1.22264      0.84927        -9.855822     -2.811177      2.345622
      3.77913      8.32017      1.37548        -6.531613    -11.713199     -4.526387
      8.06961      5.59432      1.28589        -6.245488     13.291714      8.215619
      3.71438      3.75884      6.35906        -8.599115    -11.543479     -8.589729
      7.83851      0.26435      6.76458         0.636248     -2.233520      2.701817
      4.43009      8.36104      6.31882         0.664760     -3.466482     -6.375442
      0.46553      4.91913      5.99039        -5.365892    -11.411220      7.150096
      2.52005      5.12201      3.58019         1.244901      0.538273     -0.921164
      4.72548      4.52728      4.29079         3.275876      1.781545     -2.023569
      3.25471      3.31165      2.45608        -2.485349      4.378205     -1.835508
      7.29979      7.64343      2.77061        -2.247799     -2.065138      0.898644
      3.33282      4.94523      7.86463        -6.072049      1.614202     10.390009
      7.12637      2.42358      7.61844        -2.715439     -2.954130     -1.191455
      2.73578      9.10345      8.27168        -2.087123     -0.404843      1.438726
      6.46386      7.40610      7.48115         0.825706     -0.745286     -1.568706
      8.69870      4.35383      4.06514        11.159470      0.027750     -8.024556
      5.31963      2.61525      4.80846         7.067386     -4.084189      1.187546
      3.34389      0.63474      2.66495         0.437701     -1.475366     -1.798115
      5.66296      7.35961      4.45952        -3.900741     -7.982261      0.625564
      1.25268      5.05572      9.34286         0.163858     -0.171270      1.727298
      5.55162      2.98599      9.24648        -3.935205     -0.963275     -1.129869
      0.62903      9.00557      8.75986        -1.952106     -3.029760      0.054288
      4.98261      7.19958      0.10356        14.013143      1.161684     -6.762189
      0.31301      3.43745      1.02013         1.368505     -2.640532      5.734047
      5.00920      1.34495      1.27138        -1.996144    -12.237412     -2.167110
      8.70801      8.23035      1.44403         6.399976     -0.031707     -0.012293
      4.31404      5.91395      2.10324         0.644525      1.817202     -0.282709
      8.46693      2.36255      5.71135         1.773417     -5.292244     -1.563396
      3.80832      1.14818      6.59137        -0.114884      1.067358      3.454827
      8.12088      7.14865      6.04317        -1.311403     -1.207145     -1.937524
      4.24711      6.22091      5.78417        -1.292594     -6.253734      4.852026
      1.53877      2.09115      2.82224       -18.355928     -0.846326     -2.999987
      5.53384      9.18358      3.00781        -3.102917      4.717802     -4.747451
      0.59435      6.46580      3.04591         2.211991      2.546090     -2.923285
      6.52279      2.87939      2.37773         5.647865     -1.796100      3.033832
      0.48965      1.72693      7.99641         3.239518      2.672905     -3.576867
      4.97597      9.07422      8.19891         2.205963      6.895645      4.312270
      1.39128      6.29962      7.47339        -1.420872      5.152125     -1.319981
      5.57734      3.96111      7.07103         5.341212      2.662736      2.443781
      1.50606      1.74951      0.23928        11.569463      1.190397      1.844814
      6.81823      8.85135      0.15689         0.298867      1.049628      1.541921
      3.08996      6.67346      9.06170         5.057574      9.547998      8.548423
      7.64876      4.10070      9.04149        -3.446634      1.831373     -4.401036
      3.37146      1.98275      4.54588        -4.076213      0.453163     -0.555286
      6.76628      8.97916      4.98646         2.904775      3.973840     -0.228014
      1.23768      6.31805      4.98943         5.162905     15.020639     11.648654
      7.08169      4.33300      4.75213       -11.624594      1.448517      3.635001
 -----------------------------------------------------------------------------------
 POSITION                                       TOTAL-FORCE (eV/Angst)
 -----------------------------------------------------------------------------------
      5.28636      2.60348      1.14542         5.044186      9.148033      3.544495
      8.24313      9.14427      0.48062         5.577784      0.997702     -4.785378
      4.06108      6.57020      0.85829        -6.493180      2.948237      4.014611
      8.58631      4.66243      0.53197         5.864284     -2.428104     -4.854002
      4.29938      2.42638      5.88212        -6.241165     -2.302411     -4.478146
      7.46336      8.33478      6.17478        -5.370452      4.675176      0.142161
      5.41726      7.22540      5.96170        -4.241141     -2.034538     -0.416092
      8.22520      3.71162      5.44083         4.254156      8.720878     -3.287350
      1.14162      5.51986      3.96815         0.614512    -13.112799     -7.694377
      6.10575      3.55581      3.85674        -3.340470     -0.505173     -0.692277
      2.82730      2.01554      2.96782        10.418861     -3.696010      8.953217
      6.37581      8.28839      3.64992         1.033502      0.994312      1.934686
      2.24484      5.81684      8.55292        -5.381919     -7.680362     -3.404749
      6.48220      3.47942      8.32915         0.584851      6.411508     -3.541473
      1.72081      0.90386      8.51658        -4.910454     -1.020935      1.093331
      5.87334      8.19837      8.71846         2.118589     -6.045284      3.295198
      0.67154      2.13451      1.44893         4.903700     -0.295511      5.040614
      4.57329      9.29180      1.76590        -0.816440      8.457571      8.592334
      8.46137      7.01063      2.12978        -4.123635     -5.635133     -2.946644
      3.91780      4.82014      3.05685        -0.496653     -7.764048      0.789621
      8.12369      1.65311      6.98951         2.514148      0.304615      1.046926
      3.85742      9.05821      7.36892        -5.472007      6.153020     -4.148052
      0.46348      6.34363      6.31544         9.005660     -3.907086      0.208193
      4.27420      4.80688      6.93554         7.383000     10.032442     -5.736072
      4.86796      3.75043      1.89681        -0.559800      7.831413     -1.399971
      8.45772      1.22301      0.84955        -8.413803     -1.630412      2.742677
      3.76559      8.30504      1.38349        -6.074283    -11.018025     -4.164570
      8.05241      5.61349      1.30592        -5.217321     10.209293      6.013871
      3.71213      3.76472      6.35416        -9.179048    -12.358208     -9.191159
      7.81333      0.25992      6.75088         1.209777     -0.692021      3.595667
      4.42735      8.37615      6.29027         0.858772     -3.394130     -5.593066
      0.49546      4.93151      5.97888        -5.302944    -11.211747      6.422975
      2.56642      5.13196      3.53941        -3.005914      1.482180      0.630774
      4.75479      4.53806      4.30229         2.746923      1.088630     -2.902858
      3.22603      3.29096      2.44969        -1.905092      4.616929     -2.052808
      7.32527      7.64333      2.78879        -3.435427     -1.689237      1.811477
      3.32878      4.93210      7.88645        -5.057770      1.137396      9.514976
      7.08455      2.41827      7.64271        -0.827943     -4.813844     -2.842456
      2.72260      9.12216      8.31450        -0.004980     -1.179100      0.342649
      6.47423      7.39487      7.50333         0.851328     -0.788004     -1.648507
      8.70920      4.34135      4.04714         9.918654     -0.680292     -7.301619
      5.29467      2.57180      4.81381         8.821958     -2.882277     -0.555138
      3.31613      0.63705      2.70751         1.208137     -2.559581     -3.113303
      5.67108      7.33737      4.48103        -2.271025     -6.292352     -1.155306
      1.26108      5.04246      9.33222        -0.498739     -0.182902      2.330327
      5.54538      2.94454      9.20615        -4.795298     -1.334446      1.516453
      0.63265      8.98150      8.73748        -2.897361     -2.282412      0.879885
      4.97306      7.19843      0.08681        14.375090      1.533154     -6.229626
      0.34138      3.41616      0.99575        -0.150656      0.993640      4.554974
      5.03173      1.32162      1.26137        -1.667349    -10.759639     -2.342533
      8.70389      8.20289      1.47285         6.395745      3.351413     -3.171423
      4.32804      5.91111      2.15918         1.101007      4.063016     -2.618700
      8.45707      2.35144      5.70441         1.606764     -4.584249     -1.995630
      3.79082      1.14186      6.60974        -0.105263      1.782390      2.978053
      8.11278      7.14547      6.02665        -1.511332     -1.341013     -2.099348
      4.24459      6.22226      5.73238        -0.447950     -5.284784      5.759091
      1.50633      2.11023      2.83449       -17.217834     -0.814750     -2.348447
      5.50816      9.19548      3.00317        -1.284622      2.847338     -3.061813
      0.59425      6.45174      3.01590         4.000790      0.671126     -0.861923
      6.52245      2.87402      2.40894         4.727940     -1.672625      2.438193
      0.47865      1.77212      8.01973         2.406008      2.016622     -4.222480
      4.95278      9.07584      8.20185         3.547524      6.545112      5.091456
      1.39441      6.28346      7.47610        -1.892687      5.485392     -1.854563
      5.55701      3.96174      7.03287         7.020937      2.013708      3.614164
      1.53269      1.77790      0.23577        10.706824      0.424754      2.146600
      6.85224      8.86166      0.14808        -2.714133      0.128865      0.318678
      3.12084      6.69830      9.03211         3.120076      7.872327      7.260277
      7.68682      4.12025      8.99884        -4.316157      1.405452     -4.863733
      3.37090      1.95344      4.52326        -3.662118      0.979353      0.871339
      6.79952      9.01501      4.97342         2.346886      3.247055     -0.934536
      1.26069      6.34726      4.96464         4.682746     14.331619     11.126135
      7.06736      4.36979      4.75971        -9.624181      0.936338      3.902031
 -----------------------------------------------------------------------------------
 POSITION                                       TOTAL-FORCE (eV/Angst)
 -----------------------------------------------------------------------------------
      5.28245      2.60733      1.16483         4.311816      8.268937      3.083618
      8.21222      9.16181      0.49683         8.819631     -0.488465     -3.657073
      4.07162      6.54449      0.85997        -5.656304      2.852861      4.512311
      8.56548      4.66032      0.51826         6.325312     -0.906578     -2.127639
      4.33854      2.42003      5.89316        -7.811296     -2.254031     -2.501510
      7.45814      8.33235      6.17432        -5.454018      4.484134     -0.198778
      5.45966      7.23806      5.95865        -6.155236     -2.621277      0.683223
      8.23952      3.71414      5.43140         3.546918      8.794287     -3.509044
      1.11970      5.48594      3.97135         2.321426    -10.105405     -6.279868
      6.10912      3.55803      3.86178        -3.774390     -0.447382      0.000216
      2.81049      2.01385      2.97893         8.179391     -3.789394      8.234473
      6.38967      8.28995      3.66100        -0.304575      1.521244      1.448969
      2.23910      5.81619      8.55112        -3.276400     -5.878836     -1.795471
      6.49028      3.48056      8.34345         0.045591      7.381324     -3.847924
      1.71681      0.89833      8.50538        -6.051828      0.343269      2.026859
      5.86981      8.20752      8.71052         2.512702     -5.661863      3.852490
      0.67320      2.15947      1.47005         4.891531     -3.295622      3.808897
      4.56935      9.28548      1.76803        -2.377188      7.122974      7.944079
      8.46599      7.00472      2.13615        -5.011458     -5.776702     -3.131457
      3.91354      4.80634      3.04978         1.374628     -8.698371      1.238822
      8.11411      1.66347      6.97640         2.025009     -0.199572      2.761067
      3.85330      9.04968      7.37777        -6.764355      5.407654     -4.809270
      0.46384      6.36454      6.32417         9.692324     -4.318949     -0.686270
      4.27338      4.80916      6.93355         5.529829     10.050873     -5.277381
      4.83536      3.79242      1.88736         0.675685      6.137452     -2.493937
      8.44877      1.22240      0.85148        -6.823456     -0.200109      3.154335
      3.74840      8.28329      1.38899        -5.156217     -9.641378     -3.523069
      8.03209      5.63879      1.32955        -4.328687      6.839063      3.504753
      3.70435      3.76314      6.34373        -9.205853    -11.981740     -8.980264
      7.78892      0.25508      6.73936         1.753337      0.812086      4.499338
      4.42513      8.38919      6.25839         0.914726     -3.127526     -4.571693
      0.52215      4.93711      5.97126        -5.066166    -10.586767      5.578017
      2.61092      5.14279      3.49907        -7.058467      2.253472      2.201037
      4.78572      4.54949      4.31202         2.160185      0.339260     -3.604194
      3.19624      3.27309      2.44208        -1.397306      4.621570     -2.184773
      7.34865      7.64221      2.80803        -4.451636     -1.344509      2.630552
      3.32168      4.91967      7.91397        -3.593960      0.389391      8.072901
      7.04230      2.41008      7.66523         0.860885     -6.399087     -4.366181
      2.70944      9.14014      8.35747         1.995517     -2.011982     -0.633106
      6.48510      7.38318      7.52448         0.874603     -0.818926     -1.629731
      0.00606      4.32848      4.02476         8.159685     -1.550985     -6.345950
      5.27505      2.52667      4.81881        10.254400     -1.950754     -2.285267
      3.28913      0.63782      2.74814         1.712846     -3.530147     -4.084093
      5.67782      7.31138      4.50181        -0.735192     -4.640763     -3.111024
      1.26917      5.02911      9.32300        -1.138868     -0.193548      2.876945
      5.53626      2.90234      9.16679        -5.471217     -1.422036      3.709924
      0.63452      8.95609      8.71566        -3.551178     -1.495582      1.392451
      4.97218      7.19821      0.06633        14.106290      1.420637     -5.123254
      0.36963      3.39550      0.97416        -1.756433      4.619896      3.213517
      5.05322      1.29183      1.24996        -1.170447     -8.257701     -2.639849
      8.70362      8.17749      1.49972         6.419091      6.505766     -5.901090
      4.34268      5.91072      2.21348         1.666836      6.038067     -4.501658
      8.44819      2.33758      5.69627         1.455184     -3.588000     -2.578875
      3.77328      1.13663      6.62989        -0.073011      2.488764      2.393320
      8.10378      7.14148      6.00888        -1.603308     -1.516734     -2.200720
      4.24181      6.22042      5.68414         0.140763     -4.479440      6.612278
      1.46356      2.12880      2.84530       -14.855364     -0.934330     -1.354513
      5.48174      9.20909      2.99669         0.459394      1.187544     -1.320252
      0.59657      6.43811      2.98540         5.896337     -1.237864      1.338140
      6.52496      2.86765      2.44158         3.750531     -1.531776      1.683126
      0.46912      1.81846      8.04048         1.743422      1.353251     -4.701738
      4.93176      9.08140      8.20786         4.720657      6.173755      5.649959
      1.39639      6.27064      7.47769        -2.260431      5.716791     -2.205222
      5.54093      3.96357      6.99693         8.168019      1.473229      4.354926
      1.56573      1.80651      0.23355         9.672814     -0.377478      2.393835
      6.88456      8.87204      0.13946        -5.840596     -0.828355     -0.951496
      3.15356      6.72785      9.00694         0.833489      5.902093      5.817616
      7.72223      4.14062      8.95332        -4.964590      1.037242     -5.246256
      3.36814      1.92477      4.50120        -3.357559      1.391326      2.087212
      6.83412      9.05278      4.95984         1.773147      2.510279     -1.707282
      1.28648      6.38506      4.94659         3.967458     12.278987      9.270029
      7.04724      4.40710      4.76963        -7.171361      0.358891      4.008585
 -----------------------------------------------------------------------------------
 POSITION                                       TOTAL-FORCE (eV/Angst)
 -----------------------------------------------------------------------------------
      5.28003      2.61401      1.18526         3.529442      6.987042      2.595146
      8.18440      9.17915      0.51175        11.836463     -1.690834     -2.423039
      4.08019      6.51982      0.86321        -4.577179      3.129063      4.522970
      8.54687      4.65791      0.50386         6.665082      0.470138      0.290222
      4.37494      2.41291      5.90331        -8.948075     -2.159225     -0.439090
      7.45107      8.33147      6.17380        -5.350009      4.177269     -0.540053
      5.49986      7.24979      5.95584        -7.703300     -2.973215      1.850212
      8.25502      3.71967      5.42077         2.781039      8.474478     -3.622627
      1.09862      5.44862      3.97239         4.109111     -6.199269     -4.572648
      6.11119      3.56009      3.86680        -4.049235     -0.363508      0.695237
      2.79653      2.01086      2.99284         5.526251     -3.247122      7.345086
      6.40340      8.29202      3.67254        -1.464684      1.932086      1.128230
      2.23224      5.81351      8.54871        -1.329724     -4.028868     -0.413081
      6.49836      3.48423      8.35639        -0.517910      7.813475     -3.810689
      1.71075      0.89292      8.49489        -7.046173      1.630206      2.774149
      5.86716      8.21471      8.70392         2.855809     -5.189858      4.143465
      0.67654      2.18325      1.49244         4.660470     -6.110565      2.641784
      4.56461      9.28161      1.77288        -3.920994      5.187651      6.896746
      8.46889      6.99685      2.14143        -5.870971     -5.573831     -3.193425
      3.90977      4.78958      3.04316         3.405253     -9.412605      1.289749
      8.10525      1.67374      6.96428         1.558150     -0.700641      4.271318
      3.84687      9.04303      7.38495        -7.499717      4.606861     -5.305832
      0.46753      6.38392      6.33265         9.955618     -4.490370     -1.639953
      4.27445      4.81488      6.92976         3.342647      9.294619     -5.043509
      4.80325      3.83801      1.87644         2.033865      4.411136     -3.538915
      8.43572      1.22166      0.85531        -5.228944      1.343693      3.541605
      3.72815      8.25578      1.39235        -3.997454     -7.857568     -2.724140
      8.00921      5.66816      1.35524        -3.734166      3.561934      1.003511
      3.69105      3.75434      6.32791        -8.699089    -10.681012     -8.099902
      7.76562      0.25074      6.73058         2.219083      2.165923      5.363217
      4.42346      8.40033      6.22382         0.884831     -2.744289     -3.407873
      0.54573      4.93633      5.96701        -4.725488     -9.654161      4.662748
      2.65106      5.15495      3.46015       -10.809973      2.916664      3.670415
      4.81788      4.56110      4.31956         1.458795     -0.384366     -4.144042
      3.16568      3.25804      2.43317        -1.023647      4.304016     -2.129103
      7.36929      7.64028      2.82881        -5.165575     -1.057719      3.245927
      3.31244      4.90750      7.94630        -1.926787     -0.490277      6.336256
      7.00065      2.39804      7.68507         2.229828     -7.535545     -5.615434
      2.69751      9.15687      8.39997         3.762244     -2.803377     -1.409646
      6.49646      7.37102      7.54460         0.885693     -0.845080     -1.665725
      0.02740      4.31470      3.99860         6.036810     -2.589500     -5.284548
      5.26166      2.48046      4.82242        11.447079     -1.151703     -3.816876
      3.26322      0.63646      2.78622         1.982324     -4.408979     -4.599689
      5.68410      7.28264      4.52068         0.620054     -3.177778     -5.029046
      1.27656      5.01567      9.31553        -1.721104     -0.165243      3.333515
      5.52387      2.85937      9.12975        -5.849990     -1.214857      5.392093
      0.63424      8.92984      8.69473        -3.938010     -0.724747      1.661259
      4.97980      7.19885      0.04281        13.355360      0.912700     -3.616128
      0.39675      3.37766      0.95455        -3.275038      7.873800      1.785615
      5.07395      1.25714      1.23699        -0.692217     -5.378739     -2.942514
      8.70722      8.15606      1.52298         6.398520      9.152894     -8.027537
      4.35830      5.91396      2.26494         2.240381      7.601121     -5.812952
      8.44020      2.32159      5.68659         1.329200     -2.416249     -3.229151
      3.75573      1.13291      6.65143        -0.024715      3.106828      1.785952
      8.09383      7.13659      5.98983        -1.573045     -1.740215     -2.229545
      4.23912      6.21589      5.63998         0.476580     -3.864800      7.394734
      1.41193      2.14677      2.85528       -11.920736     -1.243620     -0.129297
      5.45566      9.22337      2.98943         2.040913     -0.223104      0.399582
      0.60242      6.42376      2.95578         7.667707     -2.977214      3.370023
      6.52972      2.86038      2.47516         2.813277     -1.418096      0.827231
      0.46066      1.86552      8.05835         1.279489      0.703666     -4.993810
      4.91364      9.09067      8.21726         5.552465      5.809544      5.876166
      1.39701      6.26129      7.47795        -2.476056      5.827905     -2.323749
      5.52980      3.96629      6.96369         8.749170      1.056976      4.764425
      1.60453      1.83483      0.23278         8.581652     -1.174557      2.541620
      6.91330      8.88189      0.13030        -8.946080     -1.805244     -2.247220
      3.18672      6.76089      8.98532        -1.389813      3.978624      4.474226
      7.75457      4.16156      8.90473        -5.339195      0.778315     -5.471836
      3.36336      1.89699      4.48044        -3.278477      1.597190      2.897610
      6.86971      9.09197      4.94526         1.249672      1.761718     -2.421521
      1.31461      6.43018      4.93416         3.025996      9.560702      7.182622
      7.02285      4.44454      4.78194        -4.513190     -0.245853      3.961944
 -----------------------------------------------------------------------------------
 POSITION                                       TOTAL-FORCE (eV/Angst)
 -----------------------------------------------------------------------------------
      5.27882      2.62307      1.20651         2.747958      5.578241      2.054753
      8.16073      9.19585      0.52580        14.427563     -2.660683     -1.206966
      4.08716      6.49630      0.86798        -3.442968      3.654817      4.215133
      8.53061      4.65566      0.48959         6.834542      1.575575      2.201526
      4.40815      2.40508      5.91328        -9.671553     -1.997150      1.462244
      7.44218      8.33202      6.17310        -5.033622      3.842753     -0.868805
      5.53729      7.26047      5.95367        -8.866803     -3.115052      2.944144
      8.27143      3.72809      5.40894         2.010057      7.824036     -3.641049
      1.07901      5.40929      3.97185         5.994922     -1.961482     -3.080026
      6.11186      3.56202      3.87204        -4.137682     -0.257939      1.366843
      2.78451      2.00676      3.00923         2.947339     -2.316878      6.246859
      6.41658      8.29475      3.68444        -2.457308      2.278323      0.923920
      2.22495      5.80947      8.54616         0.271696     -2.280567      0.686854
      6.50623      3.49057      8.36799        -1.132037      7.572542     -3.640214
      1.70228      0.88810      8.48539        -7.795738      2.748692      3.353787
      5.86550      8.22010      8.69877         3.111976     -4.625732      4.166079
      0.68146      2.20486      1.51566         4.184516     -8.354148      1.345170
      4.55853      9.27953      1.78008        -5.391368      3.066749      5.676227
      8.46976      6.98709      2.14559        -6.417641     -4.916791     -3.013409
      3.90717      4.76964      3.03700         5.308320     -9.760311      1.058818
      8.09695      1.68374      6.95365         1.141701     -1.123645      5.501185
      3.83789      9.03797      7.39028        -7.594182      3.814618     -5.501893
      0.47463      6.40170      6.34053         9.813381     -4.407857     -2.706366
      4.27666      4.82378      6.92425         1.167476      8.064819     -4.966014
      4.77246      3.88611      1.86341         3.373510      2.710249     -4.495113
      8.41957      1.22174      0.86126        -3.746377      2.881110      3.880878
      3.70555      8.22362      1.39406        -2.779139     -5.989716     -1.900317
      7.98414      5.69958      1.38145        -3.436813      0.510752     -1.340755
      3.67254      3.73914      6.30727        -7.783991     -8.875921     -6.821206
      7.74373      0.24771      6.72506         2.587170      3.260545      6.116682
      4.42233      8.40977      6.18732         0.800505     -2.312505     -2.206841
      0.56640      4.92973      5.96559        -4.318270     -8.524015      3.748196
      2.68457      5.16883      3.42356       -13.965770      3.485662      4.900527
      4.85081      4.57243      4.32458         0.641834     -1.036293     -4.549478
      3.13460      3.24563      2.42300        -0.783854      3.711668     -1.954583
      7.38676      7.63773      2.85148        -5.457146     -0.861911      3.583210
      3.30207      4.89507      7.98233        -0.243880     -1.372853      4.509040
      6.96048      2.38151      7.70146         3.221927     -8.071564     -6.472805
      2.68788      9.17186      8.44149         5.158145     -3.444025     -1.978193
      6.50833      7.35840      7.56365         0.889114     -0.859835     -1.798276
      0.05230      4.29941      3.96935         3.718112     -3.778837     -4.215560
      5.25520      2.43371      4.82373        12.126260     -0.551595     -4.999859
      3.23859      0.63246      2.82141         2.020317     -5.152036     -4.852360
      5.69074      7.25209      4.53645         1.729036     -1.964681     -6.707385
      1.28289      5.00217      9.31010        -2.213911     -0.066282      3.667599
      5.50799      2.81581      9.09608        -5.877297     -0.676253      6.579050
      0.63160      8.90323      8.67487        -4.096520      0.015096      1.757032
      4.99543      7.20003      0.01718        12.253083      0.106111     -1.903928
      0.42182      3.36463      0.93607        -4.537443     10.294410      0.462660
      5.09421      1.21931      1.22228        -0.281202     -2.534691     -3.191217
      8.71467      8.14022      1.54133         6.257847     10.960522     -9.360734
      4.37522      5.92178      2.31274         2.722337      8.606186     -6.519352
      8.43304      2.30419      5.67500         1.236619     -1.173011     -3.855856
      3.73822      1.13107      6.67398         0.035939      3.605804      1.199401
      8.08297      7.13067      5.96949        -1.418036     -1.986430     -2.164879
      4.23673      6.20905      5.60042         0.595566     -3.420496      8.066229
      1.35328      2.16393      2.86514        -8.861810     -1.633655      1.324556
      5.43089      9.23748      2.98244         3.444077     -1.390307      2.057463
      0.61288      6.40766      2.92828         9.022476     -4.317636      4.899227
      6.53617      2.85227      2.50913         1.975284     -1.316526     -0.063598
      0.45300      1.91285      8.07315         0.998596      0.072365     -5.113265
      4.89891      9.10341      8.23017         5.922502      5.453490      5.684167
      1.39614      6.25547      7.47681        -2.500313      5.806001     -2.176335
      5.52398      3.96964      6.93343         8.800602      0.750101      4.925270
      1.64838      1.86235      0.23354         7.423995     -1.892370      2.577015
      6.93656      8.89063      0.11981       -11.683018     -2.719765     -3.476324
      3.21893      6.79622      8.96647        -3.313558      2.230954      3.307247
      7.78360      4.18291      8.85300        -5.402771      0.673144     -5.473486
      3.35663      1.87026      4.46149        -3.079904      1.653054      3.511334
      6.90594      9.13211      4.92927         0.786236      1.045831     -2.989935
      1.34448      6.48092      4.92609         1.956396      6.731651      5.436191
      6.99582      4.48172      4.79660        -1.899693     -0.869836      3.791299
 -----------------------------------------------------------------------------------
 POSITION                                       TOTAL-FORCE (eV/Angst)
 -----------------------------------------------------------------------------------
      5.27856      2.63400      1.22838         2.018537      4.116954      1.435087
      8.14211      9.21157      0.53937        16.107385     -3.504423     -0.207160
      4.09293      6.47413      0.87418        -2.383040      4.337518      3.682501
      8.51675      4.65397      0.47615         6.775587      2.429543      3.507932
      4.43791      2.39660      5.92371        -9.945489     -1.731852      2.892189
      7.43160      8.33388      6.17210        -4.529291      3.552878     -1.179670
      5.57153      7.27003      5.95252        -9.724169     -3.090685      3.805641
      8.28846      3.73915      5.39591         1.243463      6.898186     -3.539768
      1.06154      5.36946      3.97027         7.910076      2.228204     -1.892415
      6.11111      3.56386      3.87773        -3.984128     -0.139837      2.019564
      2.77355      2.00189      3.02769         0.633315     -1.236661      4.937806
      6.42886      8.29825      3.69660        -3.275185      2.587795      0.820928
      2.21779      5.80466      8.54386         1.508197     -0.661270      1.499251
      6.51369      3.49948      8.37829        -1.805210      6.628032     -3.510241
      1.69118      0.88424      8.47708        -8.198206      3.558713      3.762413
      5.86491      8.22387      8.69506         3.290038     -3.974348      3.926649
      0.68780      2.22351      1.53924         3.447502     -9.604199     -0.297154
      4.55063      9.27852      1.78920        -6.721701      1.065892      4.444266
      8.46843      6.97569      2.14871        -6.374660     -3.765717     -2.540240
      3.90640      4.74644      3.03122         6.622222     -9.508686      0.860073
      8.08907      1.69331      6.94496         0.808138     -1.434641      6.389716
      3.82635      9.03424      7.39371        -7.082715      3.054666     -5.354719
      0.48505      6.41789      6.34746         9.267318     -4.084164     -3.897176
      4.27927      4.83540      6.91706        -0.749034      6.628373     -4.940913
      4.74382      3.93564      1.84774         4.544464      1.069268     -5.348843
      8.40123      1.22355      0.86952        -2.457332      4.300401      4.146332
      3.68138      8.18800      1.39461        -1.632533     -4.222190     -1.134516
      7.95712      5.73117      1.40675        -3.397070     -2.219532     -3.444952
      3.64943      3.71867      6.28261        -6.603328     -6.917527     -5.399695
      7.72349      0.24666      6.72324         2.846191      4.013746      6.693271
      4.42169      8.41779      6.14963         0.682166     -1.874767     -1.044296
      0.58437      4.91804      5.96642        -3.856880     -7.284006      2.898120
      2.70954      5.18475      3.39007       -16.058359      3.871040      5.721949
      4.88399      4.58310      4.32685        -0.291731     -1.580063     -4.849989
      3.10317      3.23551      2.41170        -0.572307      2.989413     -1.730205
      7.40087      7.63466      2.87622        -5.287571     -0.776420      3.576060
      3.29159      4.88187      8.02094         1.343285     -2.161413      2.753808
      6.92241      2.36018      7.71390         3.794667     -7.935745     -6.867403
      2.68140      9.18471      8.48164         6.066922     -3.828202     -2.341457
      6.52068      7.34530      7.58155         0.886138     -0.863250     -2.006119
      0.07934      4.28190      3.93769         1.364847     -5.066351     -3.211835
      5.25607      2.38682      4.82202        12.152544     -0.151124     -5.659155
      3.21528      0.62537      2.85353         1.902353     -5.693546     -4.991022
      5.69839      7.22047      4.54813         2.541365     -1.033868     -7.964595
      1.28786      4.98869      9.30689        -2.580769      0.132212      3.852743
      5.48864      2.77202      9.06650        -5.574530      0.138514      7.324799
      0.62650      8.87674      8.65614        -4.062512      0.715510      1.732543
      5.01838      7.20127      9.45558        10.862470     -0.946999     -0.112394
      0.44405      3.35784      0.91795        -5.432024     11.466445     -0.487307
      5.11421      1.18012      1.20572         0.057691      0.035519     -3.356464
      0.00625      8.13103      1.55397         5.930806     11.695687     -9.818149
      4.39370      5.93474      2.35642         3.025002      8.963427     -6.662410
      8.42665      2.28616      5.66114         1.168454      0.023964     -4.362915
      3.72081      1.13141      6.69716         0.107581      3.965856      0.663517
      8.07130      7.12358      5.94793        -1.152910     -2.217084     -2.002155
      4.23470      6.20018      5.56587         0.558286     -3.108166      8.605144
      1.28955      2.18003      2.87577        -5.895540     -2.019215      2.991304
      5.40829      9.25069      2.97671         4.625803     -2.316843      3.573120
      0.62872      6.38904      2.90385         9.669448     -5.057528      5.676455
      6.54377      2.84341      2.54292         1.252678     -1.206728     -0.946485
      0.44597      1.96003      8.08482         0.876054     -0.518650     -5.081669
      4.88780      9.11937      8.24644         5.816599      5.085449      5.077399
      1.39376      6.25318      7.47437        -2.310383      5.638694     -1.740440
      5.52348      3.97342      6.90626         8.396420      0.537937      4.930213
      1.69651      1.88861      0.23585         6.251184     -2.492106      2.513973
      6.95269      8.89769      0.10727       -13.471734     -3.391265     -4.419558
      3.24901      6.83275      8.94969        -4.850157      0.645923      2.341822
      7.80925      4.20458      8.79819        -5.194335      0.723520     -5.186470
      3.34807      1.84464      4.44473        -2.654483      1.630007      4.166654
      6.94250      9.17270      4.91155         0.421461      0.355934     -3.359899
      1.37539      6.53549      4.92133         0.847569      4.051587      4.119080
      6.96776      4.51822      4.81348         0.477085     -1.495302      3.532086
 -----------------------------------------------------------------------------------
 POSITION                                       TOTAL-FORCE (eV/Angst)
 -----------------------------------------------------------------------------------
      5.27899      2.64628      1.25063         1.388000      2.612120      0.782205
      8.12910      9.22601      0.55280        16.421930     -4.383110      0.288558
      4.09785      6.45356      0.88161        -1.431595      5.102659      3.024397
      8.50529      4.65311      0.46397         6.476933      3.011484      4.153362
      4.46411      2.38756      5.93508        -9.759141     -1.399619      3.623363
      7.41952      8.33696      6.17070        -3.815310      3.382627     -1.461441
      5.60225      7.27849      5.95268       -10.321672     -2.984376      4.323015
      8.30582      3.75253      5.38174         0.469899      5.746970     -3.362790
      1.04687      5.33059      3.96804         9.767077      6.067746     -1.004848
      6.10900      3.56563      3.88409        -3.603607     -0.080761      2.682892
      2.76286      1.99662      3.04775        -1.314386     -0.344871      3.603525
      6.43995      8.30262      3.70899        -3.952202      2.888724      0.805598
      2.21118      5.79964      8.54209         2.396813      0.769433      2.047525
      6.52049      3.51061      8.38734        -2.500155      5.094106     -3.542773
      1.67732      0.88161      8.47010        -8.195923      4.000086      4.012446
      5.86545      8.22627      8.69272         3.369107     -3.218481      3.415275
      0.69529      2.23878      1.56261         2.549169     -9.757634     -2.437255
      4.54047      9.27787      1.79979        -7.854155     -0.627994      3.301287
      8.46493      6.96305      2.15094        -5.614555     -2.217041     -1.754071
      3.90791      4.72010      3.02578         6.836354     -8.432806      0.954911
      8.08151      1.70234      6.93850         0.575771     -1.581982      6.869222
      3.81243      9.03158      7.39529        -6.096880      2.384207     -4.897909
      0.49860      6.43260      6.35301         8.403711     -3.574859     -5.188121
      4.28160      4.84923      6.90821        -2.339547      5.127083     -4.932086
      4.71807      3.98555      1.82893         5.416688     -0.478103     -6.058771
      8.38151      1.22793      0.88023        -1.400663      5.499729      4.312732
      3.65634      8.15001      1.39449        -0.615012     -2.645092     -0.464464
      7.92819      5.76127      1.42984        -3.551349     -4.542101     -5.218583
      3.62247      3.69414      6.25483        -5.260275     -4.996434     -4.001405
      7.70506      0.24803      6.72546         2.981581      4.370994      7.038658
      4.42147      8.42464      6.11151         0.534549     -1.463032      0.039314
      0.59994      4.90202      5.96900        -3.350648     -6.001760      2.157859
      2.72471      5.20291      3.36019       -16.626069      3.881216      5.996467
      4.91683      4.59276      4.32618        -1.357626     -1.994398     -5.077819
      3.07156      3.22723      2.39941        -0.280222      2.299814     -1.531340
      7.41173      7.63114      2.90297        -4.678769     -0.809653      3.222316
      3.28198      4.86744      8.06100         2.744122     -2.786209      1.162730
      6.88682      2.33420      7.72213         4.044225     -7.186056     -6.817811
      2.67860      9.19519      8.52017         6.417539     -3.891047     -2.543066
      6.53350      7.33176      7.59814         0.875205     -0.853339     -2.304407
      0.10706      4.26144      3.90425        -0.879526     -6.365043     -2.338322
      5.26424      2.34008      4.81692        11.569187      0.121073     -5.688413
      3.19323      0.61489      2.88248         1.705391     -5.986846     -5.144509
      5.70753      7.18840      4.55495         3.050367     -0.369523     -8.656438
      1.29125      4.97536      9.30602        -2.794385      0.455012      3.874225
      5.46604      2.72854      9.04148        -4.997903      1.169424      7.725360
      0.61898      8.85082      8.63855        -3.868654      1.363252      1.644619
      5.04774      7.20194      9.42898         9.230488     -2.202480      1.656123
      0.46290      3.35798      0.89963        -5.910786     11.246854     -0.850568
      5.13414      1.14116      1.18723         0.302779      2.181455     -3.392917
      0.02094      8.12893      1.56065         5.401127     11.346667     -9.460290
      4.41391      5.95302      2.39587         3.101872      8.671297     -6.380253
      8.42100      2.26824      5.64473         1.111677      1.101004     -4.656779
      3.70355      1.13413      6.72062         0.179924      4.180533      0.195092
      8.05899      7.11519      5.92528        -0.819131     -2.398073     -1.763681
      4.23302      6.18949      5.53668         0.438519     -2.882607      9.003321
      1.22260      2.19484      2.88813        -3.156531     -2.348010      4.791037
      5.38860      9.26245      2.97316         5.545999     -2.997790      4.848194
      0.65030      6.36746      2.88295         9.447465     -5.120420      5.624277
      6.55209      2.83386      2.57597         0.646329     -1.083467     -1.797828
      0.43950      2.00665      8.09337         0.878696     -1.076609     -4.922093
      4.88026      9.13831      8.26569         5.330712      4.674450      4.155657
      1.39001      6.25428      7.47088        -1.909604      5.327031     -1.021445
      5.52804      3.97751      6.88220         7.635508      0.407984      4.846391
      1.74815      1.91324      0.23966         5.039669     -2.941294      2.401283
      6.96064      8.90268      0.09214       -13.747941     -3.608991     -4.779330
      3.27602      6.86948      8.93440        -5.976884     -0.739470      1.574181
      7.83165      4.22657      8.74055        -4.772444      0.887706     -4.592212
      3.33795      1.82013      4.43056        -2.064999      1.619746      4.941542
      6.97912      9.21330      4.89189         0.163659     -0.267594     -3.500488
      1.40666      6.59222      4.91907        -0.161889      1.727453      3.243721
      6.94013      4.55363      4.83239         2.509580     -2.073564      3.206988

