-0.52196315E+03
-0.52390000E+03
-0.52639718E+03
-0.52982432E+03
-0.53451609E+03
-0.53971311E+03
-0.54404329E+03
-0.54684304E+03
-0.54827206E+03
-0.54879601E+03
-0.54892428E+03
-0.54908648E+03
-0.54946583E+03
-0.55003142E+03
-0.55065236E+03
-0.55117850E+03
-0.55150406E+03
-0.55158738E+03
-0.55144493E+03
-0.55112562E+03
-0.55068641E+03
-0.55018709E+03
-0.54968426E+03
-0.54922767E+03
-0.54885382E+03
-0.54858545E+03
-0.54844106E+03
-0.54843822E+03
-0.54860024E+03
-0.54895586E+03
-0.54953333E+03
-0.55035691E+03
-0.55144127E+03
-0.55278497E+03
-0.55436960E+03
-0.55615438E+03
-0.55807414E+03
-0.56004707E+03
-0.56198113E+03
-0.56377975E+03
-0.56535245E+03
-0.56661296E+03
-0.56747800E+03
-0.56787136E+03
-0.56774077E+03
-0.56708284E+03
-0.56596027E+03
-0.56450500E+03
-0.56284860E+03
-0.56102747E+03
-0.55898574E+03
-0.55667203E+03
-0.55412801E+03
-0.55153207E+03
-0.54921315E+03
-0.54754139E+03
-0.54668625E+03
-0.54650506E+03
-0.54673174E+03
-0.54717527E+03
-0.54773666E+03
-0.54833625E+03
-0.54889120E+03
-0.54933830E+03
-0.54965021E+03
-0.54982223E+03
-0.54984934E+03
-0.54972979E+03
-0.54947310E+03
-0.54909887E+03
-0.54863351E+03
-0.54809790E+03
-0.54750125E+03
-0.54684446E+03
-0.54612670E+03
-0.54534886E+03
-0.54449546E+03
-0.54355110E+03
-0.54251776E+03
-0.54142598E+03
-0.54033970E+03
-0.53935306E+03
-0.53857265E+03
-0.53809592E+03
-0.53798558E+03
-0.53825059E+03
-0.53883761E+03
-0.53963004E+03
-0.54046361E+03
-0.54114166E+03
-0.54146454E+03
-0.54131657E+03
-0.54068274E+03
-0.53964271E+03
-0.53838328E+03
-0.53719084E+03
-0.53639620E+03
-0.53620680E+03
-0.53660315E+03
-0.53742079E+03
-0.53847367E+03
-0.53956432E+03
-0.54046469E+03
-0.54093919E+03
-0.54080794E+03
-0.53999263E+03
-0.53854626E+03
-0.53666050E+03
-0.53472894E+03
-0.53332005E+03
-0.53287625E+03
-0.53342260E+03
-0.53468511E+03
-0.53636005E+03
-0.53815965E+03
-0.53978916E+03
-0.54100752E+03
-0.54168747E+03
-0.54181482E+03
-0.54145887E+03
-0.54075357E+03
-0.53987634E+03
-0.53902201E+03
-0.53836629E+03
-0.53802956E+03
-0.53804626E+03
-0.53835456E+03
-0.53881886E+03
-0.53927982E+03
-0.53959633E+03
-0.53967372E+03
-0.53948344E+03
-0.53906489E+03
-0.53851977E+03
-0.53798149E+03
-0.53757610E+03
-0.53739703E+03
-0.53750281E+03
-0.53790485E+03
-0.53855108E+03
-0.53933337E+03
-0.54011185E+03
-0.54075148E+03
-0.54115404E+03
-0.54128661E+03
-0.54120450E+03
-0.54105531E+03
-0.54099813E+03
-0.54110977E+03
-0.54132464E+03
-0.54148843E+03
-0.54143829E+03
-0.54106229E+03
-0.54031374E+03
-0.53922380E+03
-0.53790258E+03
-0.53651773E+03
-0.53525147E+03
-0.53426704E+03
-0.53367773E+03
-0.53353131E+03
-0.53381076E+03
-0.53444898E+03
-0.53533872E+03
-0.53634649E+03
-0.53733278E+03
-0.53817440E+03
-0.53878209E+03
-0.53911815E+03
-0.53919359E+03
-0.53905993E+03
-0.53878642E+03
-0.53844574E+03
-0.53813576E+03
-0.53798296E+03
-0.53808505E+03
-0.53841773E+03
-0.53883491E+03
-0.53917680E+03
-0.53934748E+03
-0.53930934E+03
-0.53906845E+03
-0.53863286E+03
-0.53801365E+03
-0.53722527E+03
-0.53632795E+03
-0.53545569E+03
-0.53476753E+03
-0.53432821E+03
-0.53406306E+03
-0.53382646E+03
-0.53348922E+03
-0.53298384E+03
-0.53231603E+03
-0.53157552E+03
-0.53092033E+03
-0.53053750E+03
-0.53056875E+03
-0.53104624E+03
-0.53189161E+03
