-0.62300940E+03
-0.62299866E+03
-0.62297169E+03
-0.62292923E+03
-0.62287235E+03
-0.62280260E+03
-0.62272184E+03
-0.62263213E+03
-0.62253589E+03
-0.62243555E+03
-0.62233360E+03
-0.62223247E+03
-0.62213453E+03
-0.62204188E+03
-0.62195633E+03
-0.62187942E+03
-0.62181236E+03
-0.62175590E+03
-0.62171040E+03
-0.62167586E+03
-0.62165184E+03
-0.62163756E+03
-0.62163193E+03
-0.62163359E+03
-0.62164094E+03
-0.62165228E+03
-0.62166582E+03
-0.62167981E+03
-0.62169259E+03
-0.62170257E+03
-0.62170842E+03
-0.62170903E+03
-0.62170358E+03
-0.62169152E+03
-0.62167271E+03
-0.62164729E+03
-0.62161572E+03
-0.62157875E+03
-0.62153739E+03
-0.62149286E+03
-0.62144657E+03
-0.62140006E+03
-0.62135488E+03
-0.62131256E+03
-0.62127456E+03
-0.62124226E+03
-0.62121682E+03
-0.62119916E+03
-0.62118996E+03
-0.62118959E+03
-0.62119819E+03
-0.62121553E+03
-0.62124107E+03
-0.62127405E+03
-0.62131344E+03
-0.62135795E+03
-0.62140622E+03
-0.62145673E+03
-0.62150797E+03
-0.62155839E+03
-0.62160655E+03
-0.62165107E+03
-0.62169079E+03
-0.62172470E+03
-0.62175203E+03
-0.62177237E+03
-0.62178556E+03
-0.62179169E+03
-0.62179121E+03
-0.62178471E+03
-0.62177307E+03
-0.62175728E+03
-0.62173854E+03
-0.62171810E+03
-0.62169724E+03
-0.62167722E+03
-0.62165916E+03
-0.62164413E+03
-0.62163300E+03
-0.62162641E+03
-0.62162480E+03
-0.62162831E+03
-0.62163680E+03
-0.62164991E+03
-0.62166697E+03
-0.62168723E+03
-0.62170968E+03
-0.62173318E+03
-0.62175653E+03
-0.62177848E+03
-0.62179784E+03
-0.62181343E+03
-0.62182414E+03
-0.62182906E+03
-0.62182747E+03
-0.62181886E+03
-0.62180292E+03
-0.62177961E+03
-0.62174910E+03
-0.62171181E+03
-0.62166838E+03
-0.62161964E+03
-0.62156652E+03
-0.62151013E+03
-0.62145164E+03
-0.62139224E+03
-0.62133322E+03
-0.62127580E+03
-0.62122108E+03
-0.62117011E+03
-0.62112375E+03
-0.62108274E+03
-0.62104766E+03
-0.62101896E+03
-0.62099683E+03
-0.62098128E+03
-0.62097224E+03
-0.62096942E+03
-0.62097245E+03
-0.62098084E+03
-0.62099401E+03
-0.62101135E+03
-0.62103217E+03
-0.62105578E+03
-0.62108151E+03
-0.62110868E+03
-0.62113664E+03
-0.62116477E+03
-0.62119258E+03
-0.62121951E+03
-0.62124514E+03
-0.62126911E+03
-0.62129103E+03
-0.62131062E+03
-0.62132760E+03
-0.62134180E+03
-0.62135299E+03
-0.62136112E+03
-0.62136622E+03
-0.62136835E+03
-0.62136758E+03
-0.62136412E+03
-0.62135824E+03
-0.62135024E+03
-0.62134054E+03
-0.62132955E+03
-0.62131773E+03
-0.62130563E+03
-0.62129385E+03
-0.62128302E+03
-0.62127368E+03
-0.62126638E+03
-0.62126159E+03
-0.62125975E+03
-0.62126114E+03
-0.62126593E+03
-0.62127422E+03
-0.62128590E+03
-0.62130076E+03
-0.62131837E+03
-0.62133824E+03
-0.62135969E+03
-0.62138189E+03
-0.62140401E+03
-0.62142508E+03
-0.62144400E+03
-0.62145977E+03
-0.62147137E+03
-0.62147782E+03
-0.62147812E+03
-0.62147141E+03
-0.62145702E+03
-0.62143442E+03
-0.62140326E+03
-0.62136340E+03
-0.62131500E+03
-0.62125838E+03
-0.62119409E+03
-0.62112297E+03
-0.62104617E+03
-0.62096502E+03
-0.62088101E+03
-0.62079577E+03
-0.62071110E+03
-0.62062878E+03
-0.62055058E+03
-0.62047822E+03
-0.62041329E+03
-0.62035714E+03
-0.62031091E+03
-0.62027540E+03
-0.62025112E+03
-0.62023823E+03
-0.62023647E+03
-0.62024527E+03
-0.62026372E+03
-0.62029058E+03
-0.62032434E+03
-0.62036329E+03
-0.62040556E+03
